048087
048086
048085
048084
048083
048082
048081
048080
048121
048120
048119
048118
048117
048116
048114
048113
048112
048111
048110
048109
048108
048106
048105
048104
048103
048102
048101
048100
048098
048097
048096
048094
048093
048092
048091
048090
048089
048088
048176
048175
048174
048173
048172
048170
048169
048168
048167
048165
048164
048163
048162
048161
048159
048158
048157
048156
048155
048154
048153
048152
048151
048149
048148
048147
048146
048124
048123
048122
048207
048206
048205
048204
048203
048202
048201
048200
048199
048198
048197
048196
048195
048194
048193
048192
048191
048190
048189
048188
048187
048186
048185
048183
048182
048181
048180
048179
048178
048177
